0,8174,2619,41993
1,28709,48846,48204
2,21830,14289,17394
3,6983,46512,48169
4,30237,47855,21969
5,44452,49581,10584
6,20858,31026,14542
7,39409,31446,38095
8,36829,17137,10044
9,37926,17824,37599
10,17750,28514,34723
11,37395,18838,39995
12,44287,7145,33895
13,33285,17780,1936
14,13730,42760,30312
15,14124,9361,6228
16,48857,14038,32267
17,18994,4175,41311
18,45527,35830,19154
19,2264,23866,17804
20,16874,5857,21568
21,29506,27565,33869
22,20792,24003,20376
23,30333,30806,20533
24,45353,7968,32444
25,27216,46214,11144
26,1807,30986,39534
27,6557,11184,46404
28,44908,27032,37708
29,4739,7277,11344
30,14753,941,29014
31,1068,46737,21191
32,11683,38897,25451
33,17909,1645,48161
34,37441,5036,34067
35,44190,47475,33554
36,3623,31975,41774
37,22044,525,11754
38,12582,39477,28171
39,35786,20166,19738
40,8244,37265,17774
41,2867,31590,20692
42,17201,24481,29636
43,13545,41990,33743
44,42401,41312,26021
45,42849,45585,18254
46,46264,5176,23550
47,31891,12101,32528
48,20793,26494,38137
49,30353,35930,42252
50,39592,41608,21989
51,48720,8048,25675
52,21054,18948,29730
53,32047,49878,31118
54,37977,44687,4505
55,29518,23225,47187
56,39011,23397,3021
57,8476,34013,23980
58,24078,31969,7239
59,15370,21938,47212
60,26728,10609,12454
61,22687,1325,34134
62,26958,674,15266
63,38877,11183,28100
64,38706,33946,4964
65,45056,18640,23686
66,18684,16774,6964
67,22424,13140,10188
68,44216,22498,29963
69,27384,12365,38224
70,19027,13321,6067
71,41773,35246,32652
72,23915,49858,8526
73,29396,43488,38777
74,28323,44275,48559
75,48498,11823,45205
76,7146,1897,5333
77,46078,20780,29259
78,48786,17288,40054
79,12708,44979,19766
80,19537,2261,28590
81,46577,15770,21097
82,40280,871,30140
83,47547,42236,18321
84,14385,38431,20450
85,42989,38087,16321
86,38439,16504,31704
87,23122,12800,17020
88,43754,25691,13621
89,45318,27324,22168
90,23540,18335,25848
91,35389,44949,30708
92,20116,28787,34572
93,25597,33637,7187
94,34395,38286,46959
95,16914,30747,10238
96,1296,41909,43220
97,27973,1012,47380
98,44065,13221,27908
99,16706,16439,23627
100,40345,36655,37242
101,32592,11828,42031
102,32229,11486,45103
103,1174,41846,31961
104,20662,1368,39546
105,23363,24271,11639
106,38653,11933,18454
107,19137,23095,1770
108,2288,36804,43914
109,31334,26112,27057
110,15614,22459,18846
111,18786,34678,10531
112,28253,13040,25256
113,9397,40180,36332
114,17254,21233,30040
115,8992,17179,19443
116,20429,23867,13351
117,8262,7139,3809
118,17364,47525,30312
119,37431,22101,24053
120,39274,33147,20733
121,42631,33119,12396
122,41385,39059,18542
123,24275,42482,29689
124,11031,3208,46268
125,39075,31718,19624
126,28735,13602,49856
127,44659,14988,11358
128,36935,8251,39916
129,47814,5410,15550
130,3320,5040,23003
131,40795,27710,1870
132,20786,7446,22611
133,36296,37096,45914
134,18365,35734,11351
135,16865,26752,45061
136,15392,48130,38875
137,43047,38307,29052
138,19677,39237,5959
139,10552,1494,13804
140,12947,15832,13718
141,26516,12748,4460
142,17545,30931,17102
143,44124,37698,32790
144,7573,19345,19223
145,48701,15248,48496
146,23641,34917,9185
147,31604,38384,22021
148,7708,14128,9799
149,16792,20892,15301
150,49011,49032,5949
151,8792,37312,43684
152,40608,22753,22804
153,28451,9856,23389
154,24027,39996,33655
155,18517,14186,18971
156,39004,33266,7645
157,49520,38627,44103
158,7306,39956,13710
159,21667,38248,47776
160,3933,21534,1680
161,45709,39269,34028
162,3622,1616,20745
163,23818,6471,28992
164,7772,4625,38744
165,10957,1448,11099
166,30913,36407,8773
167,1361,45955,32338
168,34308,39439,3183
169,6855,49894,34501
170,27211,44000,20038
171,17334,7283,47960
172,26207,26260,23674
173,32550,8186,16973
174,13010,27537,8372
175,27925,43556,45079
176,44590,6742,3693
177,45340,6095,2312
178,14549,30627,47601
179,40929,15026,24580
180,12142,47099,42055
181,36442,2989,9956
182,24115,35428,4356
183,47472,19897,31769
184,14164,20386,43375
185,11330,43815,35674
186,27437,29045,12889
187,43728,32641,42446
188,34483,2711,872
189,44335,33585,26634
190,42607,6849,15692
191,15215,47189,26012
192,4255,35606,31056
193,38041,10247,47687
194,15568,1767,649
195,38998,7601,39338
196,14762,5743,35256
197,19680,10998,6501
198,6760,39416,24344
199,28541,7771,2858
200,5219,43132,35104
201,13020,33917,5856
202,25044,41268,43639
203,11293,43361,44056
204,45818,41003,23164
205,36895,42473,19891
206,4728,4181,9198
207,23546,6033,33614
208,25588,46716,45153
209,42132,10780,45380
210,45941,23586,12543
211,34935,19914,26222
212,1544,18569,45553
213,14490,48891,47948
214,36115,48402,49119
215,3481,42585,41239
216,32949,42838,33786
217,33580,23224,44041
218,10992,25126,1226
219,20420,47226,29754
220,28651,34032,41542
221,38761,10836,22470
222,11029,39920,2525
223,28407,17669,16210
224,38379,25020,46943
225,19376,908,33556
226,12672,48376,10946
227,13366,9444,6781
228,36555,39916,29770
229,32491,49289,35947
230,29249,38072,3750
231,9295,28530,49400
232,34832,8274,21568
233,24208,22148,26742
234,26219,19016,37117
235,45697,14597,45447
236,47339,3643,41087
237,40011,31198,37792
238,7853,35256,9702
239,32103,39590,16830
240,27744,1488,14514
241,22425,45405,21970
242,48469,38443,3887
243,14355,44782,37337
244,42491,18445,25649
245,24479,19424,22292
246,22151,5688,19262
247,959,2279,42874
248,39127,9639,8129
249,12120,21404,47400
250,7340,47465,4849
251,33330,37451,28840
252,8524,16376,27140
253,28074,23885,4871
254,34307,29439,37450
255,25137,3744,14050
256,34621,17070,22810
257,28576,8046,19293
258,2594,39963,47694
259,17758,23491,42299
260,45905,20991,4036
261,20819,24561,29688
262,48137,20752,18798
263,24365,43188,31811
264,19108,2184,42127
265,46376,48496,37068
266,28814,39406,37456
267,32005,7432,24718
268,12066,38226,24933
269,3864,30459,27276
270,46451,8994,22630
271,46693,15815,37406
272,11583,39119,19546
273,43818,25050,29010
274,12488,16110,20934
275,12010,46500,11236
276,46297,42155,49345
277,32153,2650,24278
278,26052,26092,44117
279,44656,37088,13453
280,45855,4047,21064
281,15018,13930,49318
282,38919,49816,29518
283,24695,32191,28655
284,37052,47454,49022
285,11443,26142,29500
286,47223,20438,17309
287,49291,34423,12202
288,35376,24422,24329
289,16091,39981,6791
290,21522,2423,24111
291,49531,3495,36553
292,6954,1625,28161
293,25673,49207,43018
294,19893,8052,33939
295,45705,5428,14061
296,12877,10905,19618
297,44691,2459,17719
298,32852,28867,6934
299,27083,42274,17238
300,42187,35273,32707
301,22359,27389,45572
302,42130,15216,32994
303,30317,18594,48787
304,18472,11426,4315
305,31950,18883,16789
306,26956,33090,29811
307,44862,22648,38799
308,8250,40968,23207
309,38459,40635,19671
310,11835,17333,17608
311,5384,22400,48618
312,20882,33941,30423
313,2352,19076,17
314,15614,10257,24528
315,36032,7455,49776
316,29491,19144,31266
317,34641,2955,11068
318,21530,31714,34446
319,13060,12093,26421
320,42956,43661,29552
321,12557,11052,44440
322,44318,40322,34467
323,26114,5663,22384
324,33288,13825,15339
325,4259,30545,37481
326,2900,37270,32987
327,10023,17265,17072
328,32142,7045,14063
329,3656,37194,30185
330,40121,8140,3486
331,32987,9494,1745
332,35543,11792,31892
333,5520,35852,47312
334,47401,20251,13450
335,42904,37093,18498
336,38351,6233,19873
337,2277,33312,8924
338,18106,22904,46062
339,47063,42514,30343
340,38209,36795,36029
341,16336,22153,42330
342,40689,615,29109
343,9460,39295,9404
344,4358,1219,19670
345,18030,24177,33143
346,17159,1074,38828
347,44590,14343,25207
348,34536,17328,47861
349,46204,44595,16858
350,24791,15780,21221
351,48557,17300,9087
352,9822,658,10548
353,26727,49105,38189
354,17003,2037,23288
355,19234,49419,28483
356,4975,47207,49460
357,36643,46563,32108
358,18562,31305,18714
359,26912,33737,14081
360,19479,15188,33499
361,23343,42456,36272
362,6168,12071,15533
363,44307,32689,907
364,19729,17352,20576
365,42812,11748,23147
366,2673,1636,28672
367,595,18081,30132
368,33447,6060,36716
369,2100,4374,24928
370,4686,24280,41856
371,26511,8797,17339
372,28204,42096,21079
373,43708,16457,41854
374,8268,48909,22712
375,42396,20524,45675
376,36289,46427,19279
377,48096,4144,21197
378,11965,21960,23141
379,47156,2837,7351
380,26416,36784,5028
381,28938,6417,48211
382,43996,17086,40110
383,7791,41528,396
384,44720,34822,31448
385,22269,11851,48986
386,29922,31295,1677
387,15172,49433,21612
388,15982,13556,23765
389,21995,49945,1
390,30861,39648,21323
391,542,21459,5229
392,26150,30543,4266
393,11054,17803,25228
394,49394,3618,37271
395,40533,1112,48859
396,38429,48853,24242
397,2361,35605,20386
398,47089,24789,45905
399,38817,25350,26414
400,231,14721,18607
401,47718,37404,353
402,42572,3454,15374
403,46411,13880,49520
404,18463,31174,16936
405,1408,1159,3206
406,694,11707,44097
407,46881,13730,21695
408,47772,13243,12686
409,12835,44484,48548
410,29883,6530,14512
411,33975,5072,43843
412,41732,36607,34682
413,1206,44934,41456
414,38958,9795,10231
415,13644,29018,32970
416,9445,27514,13779
417,36698,37134,37099
418,15118,11314,14141
419,6458,28258,43619
420,17874,36912,37364
421,3754,11774,41033
422,5340,3982,23885
423,298,31674,28832
424,8967,34976,6234
425,41801,20969,41458
426,14904,46950,12267
427,1259,48610,45306
428,25825,3426,33967
429,42539,41714,46926
430,37201,7972,19338
431,39658,34908,1720
432,22315,15742,17717
433,13367,21539,26418
434,34534,2946,25516
435,49404,8869,40745
436,28189,32311,35278
437,27478,22919,13762
438,937,34638,10947
439,13192,15887,29206
440,25313,31501,49044
441,6249,22469,42596
442,20418,5920,31603
443,21507,17761,41541
444,15583,2812,29501
445,42650,16184,20423
446,9733,19425,47614
447,40376,7727,1389
448,15177,46078,26113
449,10602,40834,46148
450,41398,36228,15226
451,17551,28634,3724
452,38112,1186,43787
453,10376,8578,34520
454,45197,31626,5094
455,29673,39045,18477
456,37389,28116,34047
457,26960,19434,46909
458,18944,14454,1795
459,26226,34223,17907
460,9044,43419,8671
461,13875,34345,12928
462,33678,21304,18527
463,18201,40127,5664
464,7624,33538,34325
465,6013,9969,43331
466,34923,26243,34665
467,38661,49413,29737
468,25788,10798,38946
469,42235,30424,22549
470,5638,3764,34953
471,15097,28445,14717
472,23425,41926,37473
473,44842,46818,44133
474,35495,32957,38661
475,28726,26252,49242
476,23392,41993,19486
477,12491,45892,6673
478,29386,41691,12436
479,47912,46371,17685
480,10576,16414,31955
481,45614,15421,36345
482,14381,9195,49342
483,18829,14243,36198
484,28759,41461,16219
485,18940,2309,38742
486,3992,23105,19599
487,32363,33159,975
488,47771,34028,22129
489,30089,39674,34401
490,6626,32670,7077
491,26376,41233,40658
492,10355,18742,42041
493,17848,44399,37596
494,31633,23983,33136
495,32109,44808,10421
496,25640,23422,2518
497,36652,38356,8258
498,21974,39032,22454
499,23112,9134,31318
500,8202,48353,8230
501,26847,28421,23554
502,28271,24685,39741
503,39245,4226,36436
504,31137,45902,36306
505,27870,19930,29244
506,19347,1694,34862
507,3462,23440,45781
508,17291,48208,35622
509,15141,12609,47325
510,40767,14506,44980
511,48015,29913,37475
512,12900,31456,2355
513,5993,27858,15412
514,21551,35160,8038
515,40224,23118,9727
516,47593,5765,11988
517,49424,4235,1214
518,41106,9136,38176
519,26448,34644,16010
520,18440,14043,3843
521,3097,38238,30673
522,29631,5172,13500
523,19642,43803,24209
524,6475,22106,21520
525,18217,27804,934
526,19498,35822,18419
527,46088,49717,5201
528,15629,33366,32845
529,29105,31148,45472
530,2753,4432,2138
531,24267,44123,32838
532,15484,19189,13781
533,45064,36137,30961
534,32225,39343,18205
535,49408,36151,46167
536,38384,12833,3903
537,1079,43491,38750
538,35126,2878,43166
539,25918,8972,10661
540,12054,45562,44865
541,34453,49796,33468
542,11611,36879,3982
543,17298,9494,23721
544,23542,32585,7986
545,7820,18955,30417
546,34027,42358,33964
547,42799,47303,16375
548,1450,16511,27270
549,48301,35742,37246
550,39660,25861,36841
551,48335,40846,10437
552,29427,6841,424
553,4474,47870,3265
554,14514,29870,11849
555,46959,29716,13922
556,20487,2788,36
557,49489,48197,15282
558,13247,37584,2673
559,23492,282,42548
560,13675,4404,32914
561,7844,38972,5146
562,24525,10415,7007
563,26393,25852,37987
564,26974,45481,17556
565,7990,32442,42303
566,125,16181,37285
567,34418,20978,24530
568,17463,9124,25780
569,11683,226,33072
570,40355,11833,42794
571,20767,21829,6718
572,3913,47315,48552
573,15901,39043,10469
574,13031,20439,30666
575,33621,40425,46618
576,44841,45926,31578
577,20362,44769,49391
578,45053,37526,36845
579,37477,41685,6442
580,14085,38412,37873
581,43785,18829,42059
582,45779,25508,4164
583,49815,2309,37900
584,30683,16205,36473
585,37951,26532,24384
586,13827,17985,14561
587,40518,20621,13515
588,39773,8727,1088
589,26932,46952,47006
590,25229,37698,48893
591,41840,11543,23600
592,29933,18689,29982
593,28344,46261,12656
594,37076,45002,4307
595,18496,38555,28733
596,46626,30033,9988
597,6227,7055,31165
598,48096,4554,37088
599,31569,32009,12727
600,45885,35401,32225
601,15764,18119,46690
602,37034,3392,11289
603,24952,5313,4703
604,45558,8767,24624
605,31864,5473,27751
606,37701,33074,12686
607,292,31016,30198
608,14985,25796,13829
609,26697,11882,35714
610,27357,10297,24452
611,41114,31614,44393
612,49507,2450,6178
613,21972,10630,27868
614,34885,47249,680
615,29249,18539,15416
616,20987,12533,21556
617,29409,42786,8387
618,35385,20530,11502
619,870,49988,23478
620,33157,49720,22983
621,20398,40594,19931
622,27435,44568,15384
623,45320,12564,43686
624,2686,24094,35888
625,10908,18165,27608
626,37420,24264,48656
627,527,26131,43286
628,37553,17675,45761
629,2347,29540,25719
630,4814,3230,48063
631,42662,10676,38221
632,10676,16072,43739
633,45318,44531,18569
634,27804,14483,24779
635,24728,5596,32231
636,49459,17239,29520
637,43054,3862,44240
638,4873,17610,7234
639,14436,36705,27446
640,31023,17815,12144
641,21042,3334,34970
642,11858,28192,6581
643,15464,4008,38361
644,6622,38243,32190
645,3885,23981,14613
646,37658,13354,41697
647,6850,23419,2769
648,42436,31339,15535
649,38556,14050,6222
650,1211,44037,31073
651,25895,40080,40646
652,16384,8566,14347
653,47786,5608,44339
654,33618,12726,35207
655,24408,19188,11890
656,8053,48113,37726
657,13161,20736,10472
658,48695,43713,7521
659,49074,44972,11630
660,34649,38392,20918
661,7741,47095,12527
662,31770,38115,40009
663,49792,48751,41880
664,44640,28452,39056
665,1593,26711,45575
666,8984,10220,18614
667,30860,5575,42615
668,19879,20510,29348
669,14230,13561,953
670,10268,31114,40462
671,25241,15027,23919
672,21449,22594,22685
673,49891,7087,37072
674,48876,42321,35201
675,31993,33329,13949
676,10367,12671,13789
677,5615,39122,4504
678,23606,47459,1792
679,8302,1329,46036
680,4735,40411,11352
681,44794,26146,22387
682,18901,7925,29503
683,1502,32206,17857
684,48922,25871,15138
685,2892,46288,23909
686,3942,2365,11017
687,34036,24733,2270
688,22937,24206,47561
689,15327,11137,35584
690,33426,10777,46248
691,43527,39772,2315
692,12946,39518,41086
693,14374,35806,45828
694,27016,7124,44762
695,10057,49344,15354
696,10189,36802,36743
697,8112,27261,4470
698,14380,10274,27347
699,26468,23716,26553
700,4377,11632,6060
701,18437,24031,32366
702,19934,34667,41605
703,4642,23617,16163
704,46500,12079,19814
705,49859,10119,20423
706,8154,23812,24460
707,10714,11917,29394
708,41642,8204,34135
709,45879,28757,30434
710,20734,13338,23922
711,16076,42343,3610
712,21799,2664,26708
713,13739,1487,29416
714,25547,31143,24204
715,25309,49320,20238
716,47987,46535,1699
717,13736,48047,41972
718,12720,12671,30697
719,18582,27054,20254
720,20508,36423,39236
721,48165,39361,25214
722,12162,2240,1805
723,32262,35105,10188
724,12354,36280,10861
725,5532,7315,27124
726,49770,29343,48299
727,9742,10176,23120
728,49053,37113,39753
729,20526,10247,43456
730,5197,3101,25803
731,33757,24570,46085
732,17419,14143,1404
733,19826,7600,34246
734,411,32190,17658
735,33711,13322,21039
736,44206,19252,40628
737,29511,34881,39384
738,32678,45494,43614
739,19855,9087,27446
740,35212,49049,14028
741,49680,29504,38746
742,36056,18260,13856
743,20177,11878,21327
744,31811,36347,12125
745,21724,31298,42440
746,34897,45411,10134
747,20883,45080,9087
748,21069,17552,5269
749,19173,15779,29320
750,12941,39207,11837
751,46548,48519,37120
752,39624,45139,35862
753,42055,30747,9053
754,21083,20920,21136
755,31452,27239,45022
756,10850,48524,14432
757,14182,19329,12206
758,31208,28948,45392
759,26316,17254,12820
760,12778,30887,23335
761,34320,10376,662
762,49143,21935,33939
763,25794,22557,10127
764,8563,40710,24765
765,12038,25935,41442
766,17022,11084,39916
767,3198,1231,37042
768,7546,7731,5857
769,43607,23483,15324
770,42596,32203,14612
771,7315,24186,13381
772,45561,8290,40246
773,39035,36279,11535
774,37346,35786,45808
775,24588,17896,2038
776,44085,2001,21236
777,27595,7674,13401
778,43491,7103,14434
779,35462,7785,5759
780,21674,10314,20987
781,14151,19738,48866
782,7144,48210,11913
783,2441,10208,15612
784,25895,8526,47811
785,20112,15086,7473
786,41170,18534,27402
787,10000,14300,49853
788,16037,33267,3767
789,45521,8868,27343
790,29433,11279,44136
791,21085,25070,6783
792,16701,5576,15617
793,11235,15565,32237
794,29450,36599,26606
795,23308,42894,7815
796,20596,40556,11900
797,28659,19600,40484
798,28012,36455,24128
799,15117,37433,48173
800,4974,15718,25276
801,29268,30807,39772
802,17816,46127,22594
803,22353,49636,9170
804,8133,40492,38370
805,9858,39943,43902
806,33853,1032,47001
807,32814,5685,2672
808,35029,48292,7334
809,16888,23097,26432
810,4987,5832,1335
811,45347,47826,26278
812,39260,35049,23219
813,27471,35463,37678
814,18158,7263,35492
815,32414,49663,574
816,3001,31856,7953
817,7177,9469,28026
818,3481,35800,20531
819,13930,13009,38819
820,16546,10171,30091
821,36716,18248,19718
822,28669,4119,12043
823,33646,12407,27413
824,11801,45963,46110
825,44696,9030,45223
826,45915,43386,18433
827,41422,41147,6038
828,36238,19406,43535
829,41850,23055,6182
830,34062,24093,46227
831,33352,29955,40551
832,35437,44987,22717
833,923,8924,15299
834,28124,5661,19483
835,16495,35330,8827
836,28389,12109,9517
837,19849,17876,40177
838,41256,25387,29799
839,99,22025,29347
840,40199,13388,2226
841,14435,7373,39321
842,40278,11646,44952
843,35145,10331,46355
844,45146,24403,32983
845,44251,17353,33304
846,25981,4345,14199
847,3004,25733,9797
848,37570,21745,46761
849,8951,22694,42812
850,27390,47979,29932
851,46267,47497,2726
852,19422,5120,34014
853,24196,2706,42044
854,15471,43721,11904
855,29725,40816,26007
856,45092,12716,41682
857,6478,17242,40022
858,40340,24357,20072
859,18194,8212,9694
860,2053,12922,24328
861,17824,22239,34360
862,2749,19430,37022
863,26607,9113,22033
864,23693,11481,38978
865,44399,40835,6664
866,13803,3679,31150
867,43212,11435,31900
868,8312,890,37501
869,12110,1738,21283
870,31296,32163,28458
871,17827,43978,1874
872,19436,29540,46
873,1023,2630,21254
874,22639,44689,34773
875,40476,16876,3253
876,45521,25373,31762
877,44699,31926,36368
878,37168,25959,15767
879,22107,9348,32260
880,10615,6076,32917
881,10021,40442,34591
882,40284,2384,35522
883,14087,26482,1451
884,32219,38386,21911
885,29428,24608,13468
886,37427,33040,41788
887,47749,4866,35689
888,11034,5799,39209
889,40559,1346,29214
890,2848,41817,5628
891,38728,8293,35542
892,49973,21704,27907
893,40594,24973,13887
894,45369,16277,43926
895,14094,43457,9924
896,36789,26315,16255
897,10121,49242,17028
898,5529,2586,43374
899,32718,45812,43939
900,45607,4217,2104
901,6412,30146,29133
902,24097,1483,27562
903,18468,5407,46256
904,36255,43669,30338
905,18855,9455,7228
906,13528,43907,39610
907,3412,49544,16311
908,35787,8815,22969
909,18303,31940,36938
910,23378,43995,5564
911,38395,29732,2413
912,10112,49088,16557
913,17254,48239,23940
914,42411,24544,12459
915,11089,30463,11746
916,19237,4262,32919
917,23549,38306,42710
918,28445,3256,16337
919,10092,32719,44158
920,21511,506,30109
921,14741,37514,3516
922,38356,12301,18419
923,28011,22672,43621
924,11458,45233,36566
925,20497,7136,36327
926,42279,20342,27596
927,42104,46304,42404
928,19149,28667,37040
929,44463,33840,23091
930,19421,47697,36472
931,44409,22043,35687
932,32018,18131,43081
933,16201,48347,43713
934,25601,37949,27931
935,46608,1656,33356
936,7519,7282,33198
937,37701,13196,17250
938,6457,42760,25855
939,21435,6105,16044
940,35923,49222,37528
941,7680,32846,10651
942,44737,18643,43084
943,42515,29752,10906
944,44246,2531,5165
945,37096,1580,29115
946,23380,44174,514
947,15999,36495,38068
948,43596,47854,4167
949,35734,1848,10171
950,26161,36454,10457
951,17455,47113,4631
952,18574,4197,32798
953,17604,21231,28786
954,13561,45229,8960
955,33430,32761,39768
956,2537,34445,32485
957,18459,27325,18327
958,10688,38044,47675
959,9995,35224,27354
960,45770,3480,42883
961,12842,12876,4680
962,31662,23642,30204
963,35538,18165,25870
964,36226,11772,8821
965,5022,38433,17195
966,23189,35483,18282
967,6277,8601,21265
968,10518,32863,12384
969,34263,4732,39956
970,7441,16642,16736
971,44602,27392,40858
972,15034,42575,36644
973,36927,29535,28098
974,44793,37399,46309
975,8550,10886,31566
976,41733,9157,41775
977,11687,41008,19369
978,7416,8073,25054
979,18202,18729,19821
980,26098,29042,11579
981,37745,47678,23351
982,9960,45199,1778
983,12130,8583,3236
984,38875,49366,3013
985,24216,4911,3217
986,32188,8039,22421
987,2878,30116,20202
988,7332,21311,3234
989,35150,49144,30581
990,2214,20324,13263
991,49672,37213,684
992,24593,20537,14910
993,40161,46462,20423
994,42844,1275,15353
995,39585,7654,34574
996,13591,710,2641
997,1313,34993,48900
998,7052,9695,43384
999,13092,44808,22658
1000,32373,19633,30353
1001,35995,16529,40213
1002,38048,7714,41954
1003,4366,12207,1973
1004,12942,16929,47150
1005,43789,49885,23818
1006,37156,7945,6890
1007,15190,42242,5638
1008,38480,30558,34909
1009,39290,44732,4438
1010,19896,14107,19082
1011,41654,950,44516
1012,37929,17389,48285
1013,589,3172,46867
1014,12951,41233,4156
1015,44753,9241,21706
1016,28815,23509,6051
1017,37524,46980,32881
1018,16916,15944,14706
1019,48619,31319,12748
1020,40322,21990,41481
1021,43396,25172,34275
1022,31758,36113,22401
1023,9080,24910,32426
1024,14677,28195,45732
1025,49541,21163,27153
1026,48687,1076,18389
1027,14697,9600,21166
1028,16134,977,34077
1029,40651,40922,47848
1030,687,27041,13334
1031,8009,47657,6652
1032,10004,39620,6851
1033,38960,323,17027
1034,3748,38551,46818
1035,40568,44300,5385
1036,16662,45564,603
1037,49849,24754,963
1038,21290,34416,45389
1039,7453,17941,19970
1040,22906,10954,6829
1041,17388,42004,4157
1042,14628,10071,42912
1043,31633,34808,8334
1044,39780,33029,16819
1045,33996,40976,3143
1046,219,35137,26667
1047,33799,33096,47576
1048,26220,31663,43744
1049,35050,48522,34241
1050,17942,45338,34814
1051,9318,2443,29214
1052,11232,49463,13460
1053,23682,28646,7097
1054,26129,4500,13709
1055,5420,44349,48846
1056,27552,12832,35350
1057,10170,17536,38310
1058,33167,28493,36749
1059,3401,24252,47864
1060,37184,21759,22863
1061,32929,24942,13870
1062,17466,17619,22393
1063,47218,22891,43516
1064,28152,4637,17428
1065,40356,28213,21911
1066,20099,27412,33242
1067,37307,12316,34409
1068,3190,46235,22782
1069,44513,2629,31370
1070,43004,31697,14617
1071,15472,23304,38414
1072,37119,45478,19352
1073,2999,15568,16123
1074,8597,18365,7690
1075,30984,32065,44743
1076,48997,45536,44993
1077,44692,25189,40920
1078,12661,23888,6800
1079,2307,188,6760
1080,39221,35658,9048
1081,30895,36091,30569
1082,29720,48914,32957
1083,10415,31906,15876
1084,40726,41528,29206
1085,34387,15343,23321
1086,10504,12627,48718
1087,49551,3938,33525
1088,49672,28838,39617
1089,5705,47877,13704
1090,35464,33641,31076
1091,31052,31146,4599
1092,26407,12427,13035
1093,49732,15063,36443
1094,13787,36885,17924
1095,30305,39295,34334
1096,44559,9655,39559
1097,28159,21914,8726
1098,27627,34643,580
1099,40536,26396,38531
1100,44058,13308,14054
1101,18307,34474,12755
1102,15821,7352,8139
1103,8109,29724,2228
1104,9011,4612,33002
1105,10948,8340,26481
1106,15555,4121,40233
1107,34775,4295,44731
1108,47609,6367,46594
1109,5498,48909,36051
1110,30155,38455,48183
1111,12695,32433,35311
1112,23711,28234,35617
1113,38033,19708,29370
1114,1492,39943,16649
1115,6864,19461,33365
1116,20200,35442,23626
1117,41563,30707,27709
1118,30923,2010,33667
1119,7029,14910,22645
1120,27521,26984,18536
1121,34492,18823,38162
1122,33794,17250,36325
1123,46265,614,19237
1124,48100,19827,5705
1125,16802,40514,3237
1126,46735,36813,48931
1127,17089,42848,49565
1128,14959,37013,14919
1129,612,28178,8617
1130,47801,22521,28544
1131,7031,19665,45025
1132,19173,21151,20681
1133,8258,19419,46969
1134,19506,31319,13373
1135,31832,23486,41145
1136,29527,33762,39176
1137,752,26316,10311
1138,5086,27081,24354
1139,34383,6494,1060
1140,7848,2146,487
1141,32417,7596,29451
1142,36512,38632,20148
1143,12921,20589,35293
1144,32397,30951,14062
1145,26116,47099,32410
1146,10117,46799,36982
1147,28859,27905,29267
1148,42190,26536,29608
1149,11695,43552,45441
1150,7762,40630,31494
1151,13336,45942,24196
1152,46483,16885,27499
1153,1998,27275,30070
1154,37754,672,16879
1155,47329,39456,6535
1156,23636,3283,3012
1157,35524,38310,5754
1158,41029,6780,42431
1159,26172,44042,3486
1160,39638,47151,2722
1161,25310,42838,37073
1162,17871,43477,35377
1163,1032,16633,28358
1164,21901,960,36161
1165,45383,47323,35087
1166,3588,13282,38998
1167,1319,20596,40797
1168,17580,37056,48743
1169,23804,1458,9496
1170,5436,919,11848
1171,32637,19713,34587
1172,31532,16942,42289
1173,20266,31063,21356
1174,17669,30509,26233
1175,5790,23239,8038
1176,10244,12935,5578
1177,31384,4226,20179
1178,44565,44927,19193
1179,10025,47889,23828
1180,48822,32565,11234
1181,45841,3247,34747
1182,43104,29955,8323
1183,6335,13213,48510
1184,13645,8661,10818
1185,10385,28749,42896
1186,4411,29333,38625
1187,45935,39505,10073
1188,49388,34238,30293
1189,39088,37468,14542
1190,32153,5287,10320
1191,42899,37189,19756
1192,24915,22920,45452
1193,17946,35404,1581
1194,35135,4482,17302
1195,1363,37379,19018
1196,17370,39305,1590
1197,21147,6529,22341
1198,36834,2431,42187
1199,25056,24004,22438
1200,659,27111,33997
1201,43792,14711,32893
1202,34617,41451,16176
1203,24603,3789,18662
1204,25691,23367,33511
1205,28196,33456,3323
1206,49435,35675,34773
1207,27234,42285,25369
1208,26554,46501,24833
1209,44580,37727,44268
1210,39071,2153,23078
1211,23820,9899,29575
1212,726,41728,5955
1213,32173,48692,35418
1214,33533,24739,15351
1215,11102,21639,3576
1216,42716,14881,48098
1217,47711,4689,14882
1218,33296,1156,10807
1219,3236,36091,2067
1220,49090,40198,11277
1221,31271,30132,10384
1222,29397,189,3524
1223,18149,8888,6610
1224,26547,21285,44633
1225,46892,3607,43820
1226,6448,2628,5292
1227,31069,13797,20054
1228,14338,11836,36323
1229,42069,30293,37940
1230,24845,12131,32019
1231,27270,32608,14763
1232,28613,45098,27025
1233,11405,27772,43669
1234,22478,19564,38822
1235,23803,48220,6175
1236,29386,28105,89
1237,36813,48447,4112
1238,22824,40546,40492
1239,22727,14127,13874
1240,47414,2813,39454
1241,13158,28315,424
1242,44871,21258,34753
1243,15760,40343,5390
1244,35921,46075,8987
1245,38306,239,37738
1246,44013,30239,38976
1247,16011,40018,43508
1248,32943,30386,21573
1249,28171,3369,47982
1250,14615,1212,5491
1251,24390,4445,37700
1252,15938,14806,43572
1253,40196,1206,23516
1254,36790,7953,36029
1255,6097,42818,2719
1256,30996,37225,699
1257,25716,4744,18133
1258,7288,7419,20402
1259,7292,44732,49914
1260,24056,48448,27614
1261,38601,7060,45395
1262,24935,30757,2155
1263,24277,47393,24968
1264,47367,31081,21470
1265,32451,35552,42290
1266,47841,31147,49960
1267,38742,37009,36588
1268,10087,40037,4761
1269,29541,44234,15466
1270,42185,21222,12215
1271,14452,13043,13029
1272,28458,33345,12210
1273,43113,14950,28292
1274,1575,15961,43925
1275,17241,29809,47958
1276,35317,24394,37839
1277,28076,13437,10660
1278,43568,32088,19459
1279,5569,31563,22805
1280,43419,2901,11404
1281,42245,35428,21376
1282,17772,2648,2976
1283,33283,13904,25989
1284,24938,17712,22772
1285,159,29467,10585
1286,47031,41005,24017
1287,21877,41001,43682
1288,21294,19580,13584
1289,18139,29021,28196
1290,792,41881,34407
1291,42219,36822,48576
1292,4178,28208,1537
1293,23951,2870,19232
1294,42055,28821,17096
1295,10698,30620,1009
1296,38735,49829,17881
1297,46303,43898,36401
1298,36929,8839,9026
1299,17969,15976,46926
1300,35859,22682,7541
1301,37278,29553,37458
1302,22857,6773,15260
1303,48570,17161,24171
1304,34624,44413,18508
1305,41925,11675,19231
1306,890,41415,33985
1307,11088,39877,45533
1308,24160,4094,1460
1309,25272,24585,2120
1310,16945,43616,47149
1311,30978,2598,16718
1312,19117,8701,38289
1313,5997,9665,35950
1314,40649,29723,1630
1315,17337,14677,19493
1316,9253,35446,25342
1317,7941,4136,15404
1318,14460,33232,9619
1319,1675,29306,41116
1320,49632,43879,32456
1321,18732,33311,194
1322,44333,45676,17998
1323,26538,8684,10816
1324,22001,15883,19953
1325,17100,10246,49412
1326,11699,22320,31556
1327,19170,48061,1440
1328,12180,47101,47808
1329,12804,4335,19844
1330,26635,5037,45852
1331,9597,30045,18094
1332,2024,8439,16787
1333,2104,11943,33012
1334,1043,1106,44575
1335,8039,10388,13246
1336,45777,27164,42450
1337,36642,5963,30376
1338,26359,30518,26596
1339,20114,8801,1529
1340,45396,1995,10799
1341,38376,32795,46267
1342,19644,3635,49033
1343,48480,41794,3359
1344,7350,1161,1639
1345,9894,26541,35834
1346,34456,25866,49407
1347,11193,38205,17913
1348,26813,15566,22716
1349,12403,39138,9526
1350,2202,49959,42630
1351,47840,44735,4105
1352,49101,35428,36567
1353,39422,36034,42243
1354,3671,47267,38837
1355,7269,2282,43278
1356,31886,29528,29002
1357,10028,8405,15654
1358,24497,13799,42981
1359,39965,34081,8310
1360,36278,12742,23654
1361,44474,27387,17118
1362,32536,40475,27078
1363,37321,10988,16906
1364,46988,5234,11738
1365,47034,19770,5863
1366,24739,5101,18361
1367,34377,16243,20206
1368,18132,32348,7771
1369,10388,48289,26118
1370,29423,13082,34250
1371,1857,18415,25852
1372,4086,36840,10436
1373,23749,41867,16948
1374,29332,13714,3442
1375,1738,13322,15683
1376,28407,28084,31043
1377,35059,3603,23351
1378,36447,26162,5048
1379,33448,9759,37612
1380,49459,39490,12261
1381,7273,31152,36799
1382,44652,5760,11059
1383,9783,8567,44668
1384,5139,23927,26472
1385,43702,43361,25124
1386,24125,24656,26907
1387,2730,12440,47488
1388,36843,5025,39013
1389,19878,172,45268
1390,41384,20711,13713
1391,7424,8625,17378
1392,45845,10274,34927
1393,4620,43108,39656
1394,6547,11186,42926
1395,36758,19561,41553
1396,44778,30149,16337
1397,10464,6845,35059
1398,35695,29468,39419
1399,44161,22762,34916
1400,43471,37145,5380
1401,28140,15612,12710
1402,12034,13119,34725
1403,37671,22149,20015
1404,3215,34215,31798
1405,26761,4426,14602
1406,45260,48808,14183
1407,40736,42439,40240
1408,36576,25299,40153
1409,30671,41969,3824
1410,45143,15048,21327
1411,32580,14691,29460
1412,25652,125,21503
1413,46385,23526,26335
1414,46127,19325,26540
1415,22791,25052,11589
1416,25790,49366,33482
1417,42336,43797,35962
1418,25279,34702,28114
1419,14033,39088,28378
1420,29332,37315,44922
1421,39235,19745,20589
1422,38768,30030,44380
1423,16492,4082,17979
1424,2891,37592,3303
1425,41772,31087,42158
1426,1092,27348,10228
1427,27760,27568,41988
1428,27373,36055,32663
1429,7181,26793,12427
1430,39187,30025,17141
1431,13413,2462,49870
1432,12931,18296,14545
1433,5053,7261,21648
1434,3406,38961,2871
1435,33957,27773,2837
1436,10598,5545,18466
1437,6241,8416,10083
1438,31430,32794,1074
1439,2005,38689,24156
1440,36409,43671,5074
1441,47138,8888,18945
1442,15888,1663,35774
1443,15507,1188,20085
1444,10669,3938,28808
1445,6523,17904,41485
1446,36260,7612,37335
1447,6794,32114,37435
1448,15823,36467,41034
1449,5320,24122,7040
1450,17902,1628,33848
1451,6843,9549,38493
1452,21992,26245,45512
1453,45096,42195,17860
1454,29362,16494,10277
1455,20947,38665,22498
1456,28682,10861,33494
1457,33038,25975,48045
1458,27087,5860,47879
1459,7184,17362,19661
1460,47007,12117,45344
1461,21783,49754,23902
1462,11582,32501,15970
1463,1063,17351,46440
1464,11925,29677,37119
1465,13272,41073,1976
1466,30048,24205,41640
1467,39405,36275,21538
1468,36640,7104,13171
1469,3175,24896,35879
1470,15968,36218,36818
1471,44470,36717,49920
1472,25770,1550,24577
1473,48792,24802,20243
1474,11069,46786,28324
1475,32334,28350,41731
1476,35569,31557,16923
1477,20596,18751,38345
1478,29611,6698,12959
1479,30922,40949,18824
1480,43534,1359,26271
1481,226,391,16632
1482,34290,14217,17585
1483,34361,29606,46010
1484,27116,17659,43442
1485,38934,4374,4840
1486,10715,10144,23096
1487,34290,29060,19668
1488,11284,21513,44124
1489,38439,31523,12442
1490,4971,18416,26443
1491,36290,21236,34419
1492,7550,20404,24252
1493,17827,6283,3364
1494,40377,6141,22512
1495,35126,47392,4125
1496,9040,23728,35482
1497,17399,670,16490
1498,48769,38265,48507
1499,8744,33923,7688
1500,42503,5720,34154
1501,24498,378,11175
1502,15147,22497,9241
1503,42273,23449,5579
1504,4913,46400,8856
1505,14375,12865,11967
1506,40522,8743,37569
1507,36030,19762,44986
1508,29006,42391,10584
1509,7210,39423,49159
1510,16775,38270,35799
1511,46683,2789,43722
1512,12720,40746,24855
1513,22412,34984,23627
1514,4237,25148,31314
1515,46876,33803,47925
1516,25371,21959,22049
1517,46263,41391,40028
1518,865,13097,29578
1519,44037,6928,14206
1520,19987,26984,21337
1521,18525,2349,40972
1522,39272,10740,34162
1523,36174,28274,34381
1524,27336,2201,10853
1525,42091,11329,45383
1526,16143,39552,49078
1527,10715,35771,21981
1528,43299,22020,2836
1529,12502,49188,7501
1530,9542,14212,27460
1531,36095,14210,1969
1532,17423,9490,13101
1533,24815,5433,30331
1534,23294,44193,49686
1535,30538,1651,49534
1536,47880,33482,5225
1537,16377,26192,13500
1538,1802,23883,39916
1539,11033,26349,39281
1540,4764,42502,6467
1541,35815,27412,27682
1542,30365,37659,36547
1543,31565,12157,35846
1544,27291,38277,8848
1545,29945,4375,39010
1546,42576,48501,36147
1547,37879,44201,14286
1548,33288,32598,35323
1549,20071,985,10942
1550,37129,11750,1122
1551,25823,4702,15042
1552,30717,48931,642
1553,38188,31836,20505
1554,48878,18471,18581
1555,18543,28691,30583
1556,13920,37127,1800
1557,32663,32878,9202
1558,32393,3499,7289
1559,17784,34274,5164
1560,20369,39576,20443
1561,17337,33997,10148
1562,17967,7799,5406
1563,38345,35026,25574
1564,43530,42188,25917
1565,9980,15512,5894
1566,6932,2348,11804
1567,38365,14559,31735
1568,9021,11389,3295
1569,45323,29565,28359
1570,48516,36711,24015
1571,38809,30722,4489
1572,9303,19522,6629
1573,15103,44147,273
1574,38941,46510,30370
1575,12019,8210,49730
1576,13417,31066,2364
1577,5413,46319,35896
1578,46431,45682,35737
1579,49056,5106,36909
1580,36116,25250,13245
1581,46941,5041,26119
1582,18360,37334,2
1583,20365,20543,1266
1584,36976,34371,5487
1585,41483,4643,45286
1586,1619,5581,19906
1587,9134,41886,39582
1588,42589,34214,42594
1589,27818,14872,29833
1590,35755,49427,47630
1591,38907,43443,9936
1592,42457,39720,18218
1593,31627,10000,47441
1594,23779,30773,16955
1595,8534,32239,43730
1596,48012,5307,25466
1597,21021,41805,31247
1598,39803,39924,22399
1599,31930,20061,16143
1600,14059,7190,43085
1601,32719,29996,31948
1602,44448,7898,42130
1603,35318,38280,12585
1604,42470,22598,14518
1605,22211,42704,18372
1606,3387,9824,39700
1607,25046,45966,20381
1608,23247,14952,24094
1609,17768,361,17452
1610,45779,30427,3462
1611,43341,31136,2443
1612,7271,1317,17206
1613,27123,12066,33841
1614,29867,38658,32289
1615,45026,15547,196
1616,32422,32201,12127
1617,41928,25095,34123
1618,37076,39002,5205
1619,48043,22761,33611
1620,16418,33488,30301
1621,49448,5356,3299
1622,20230,4257,15790
1623,29405,3611,45519
1624,38381,2425,31394
1625,3874,3887,20210
1626,47094,21490,20879
1627,23357,41511,41263
1628,48842,38533,24453
1629,42244,2712,6270
1630,47199,9175,12060
1631,42557,24441,10073
1632,29538,45252,44146
1633,2718,12601,45963
1634,6556,37741,5695
1635,49992,19996,1430
1636,5330,15792,48459
1637,32953,46484,45615
1638,14909,44596,18485
1639,19719,21938,38550
1640,49757,41808,49298
1641,48537,44856,27821
1642,24209,11202,955
1643,40009,24108,24640
1644,45185,21377,24115
1645,633,6742,40138
1646,414,6891,26654
1647,31377,6157,19789
1648,13683,17652,11068
1649,40747,23294,46120
1650,15186,4804,12918
1651,41137,10799,15767
1652,23994,44717,23466
1653,17930,1963,19591
1654,25132,20270,14234
1655,5838,30480,45152
1656,23669,23227,19799
1657,40756,426,37902
1658,28581,22909,39118
1659,17564,49009,32895
1660,43971,27681,18195
1661,25981,15798,32440
1662,46569,44660,47115
1663,33749,21709,35709
1664,16156,8581,1710
1665,44214,6966,31223
1666,40821,9204,31354
1667,37738,44292,2781
1668,32052,1896,24758
1669,44006,26152,26196
1670,7027,25956,21534
1671,28103,16667,35481
1672,7070,30128,18253
1673,1641,48099,49741
1674,43778,38128,42694
1675,28423,46122,4751
1676,45444,48336,3469
1677,7735,17869,44278
1678,3330,31223,40584
1679,9209,5917,877
1680,13298,38285,38710
1681,33553,47159,21628
1682,5313,1783,1221
1683,23084,280,3496
1684,21530,38438,14742
1685,41814,49134,47884
1686,48746,7069,35135
1687,36780,36404,35580
1688,25516,49742,43472
1689,24106,33376,22670
1690,19134,6127,39332
1691,46918,49947,48880
1692,14680,29049,13949
1693,3174,45826,11319
1694,38824,17845,12141
1695,36000,2430,14740
1696,32908,30864,43011
1697,5741,32718,16019
1698,23888,19801,21821
1699,25514,31583,37391
1700,45402,45803,5920
1701,27422,30945,11384
1702,14853,1981,27029
1703,9177,31618,15770
1704,34922,4309,20701
1705,16366,12377,44216
1706,46188,29634,21129
1707,45901,37302,48978
1708,8669,14219,9472
1709,33297,7966,49117
1710,12116,27785,923
1711,33525,10268,11762
1712,28223,27796,4115
1713,47772,18583,581
1714,10666,20505,1632
1715,7138,14445,4509
1716,13326,5709,39885
1717,26941,18796,3373
1718,39811,5834,38440
1719,18233,48014,2291
1720,18637,25517,20718
1721,10782,39348,36903
1722,20114,1596,12167
1723,38382,48243,44795
1724,18273,7242,34199
1725,18750,26849,23891
1726,8074,21695,6450
1727,23963,2511,16938
1728,6254,48874,43007
1729,30644,4418,10707
1730,2303,31136,6232
1731,3503,41710,26626
1732,45968,14675,45082
1733,33173,7607,26146
1734,36346,10306,24038
1735,42403,45068,4192
1736,39095,10639,15310
1737,10456,13641,39476
1738,10827,1875,41580
1739,36278,8335,45967
1740,8359,49295,35075
1741,5072,472,34067
1742,36640,29427,32148
1743,24474,20711,39427
1744,38963,7130,21360
1745,8609,8027,8676
1746,42443,28250,41374
1747,25308,43869,18192
1748,9540,16423,11001
1749,41473,15843,19776
1750,14284,15444,46041
1751,37354,12262,40164
1752,40550,17590,8155
1753,49233,2641,12988
1754,6645,13636,16545
1755,8966,45042,13598
1756,4211,7383,24599
1757,15787,12116,5505
1758,41063,14196,20832
1759,14359,26573,42771
1760,2330,46141,37546
1761,16172,2013,26761
1762,606,31577,44969
1763,9231,17259,24693
1764,30618,26717,46786
1765,35812,25394,12095
1766,10178,48907,24059
1767,23556,46489,26913
1768,17362,1599,13653
1769,28447,25567,12368
1770,44346,17157,45297
1771,39339,26724,34906
1772,9840,2876,41188
1773,36748,7379,2665
1774,16948,11451,16155
1775,18286,30425,8788
1776,5468,23995,37173
1777,4074,21515,16392
1778,38272,22598,40688
1779,36445,46002,34338
1780,1293,46977,15032
1781,763,32053,14344
1782,5328,27710,19632
1783,37187,1482,8813
1784,20058,37931,47725
1785,36605,17496,10715
1786,744,9206,49970
1787,47042,31584,9926
1788,43112,29145,48855
1789,31224,45659,11171
1790,1545,4456,24695
1791,17588,33997,29584
1792,49292,1647,14934
1793,10841,36711,22516
1794,934,7930,43978
1795,10374,16072,41493
1796,34731,49513,36809
1797,36437,21193,42712
1798,44762,6330,7091
1799,5783,39254,8403
1800,34309,24940,38893
1801,32,38343,12661
1802,18397,17288,13325
1803,38444,19038,48796
1804,29703,40693,29794
1805,29621,49984,21138
1806,27157,17090,6501
1807,1195,37750,23281
1808,2379,7870,48443
1809,36244,8592,466
1810,45378,25590,25894
1811,26219,20598,9722
1812,27272,41709,22739
1813,12260,29455,38134
1814,4811,16088,29988
1815,27202,7126,2992
1816,48352,30822,42406
1817,29066,10339,10918
1818,47665,18408,42911
1819,45258,7638,314
1820,39269,28837,12882
1821,9428,35961,4287
1822,32123,23217,30439
1823,40332,40261,38198
1824,20399,23013,10782
1825,8094,26845,25944
1826,6423,21574,14749
1827,34580,45891,8157
1828,37242,38779,28520
1829,22148,44217,2520
1830,46952,44005,2979
1831,7706,28424,6594
1832,17723,15797,40002
1833,41618,19822,40118
1834,45496,43998,27581
1835,16866,10990,16790
1836,9244,2028,33811
1837,37716,15040,5746
1838,3718,5234,30682
1839,212,39193,40750
1840,47559,25330,14948
1841,35097,35087,14294
1842,2779,31682,10549
1843,24677,7310,5802
1844,11157,24096,3373
1845,30860,26358,31174
1846,15677,41925,11009
1847,37240,41750,17540
1848,12850,37421,5470
1849,47394,17117,39291
1850,28673,36016,31145
1851,18235,7855,43167
1852,7196,15012,29632
1853,41878,19673,14115
1854,49910,8789,30841
1855,20191,6583,160
1856,44971,8984,17464
1857,43439,48113,47549
1858,41830,13928,34001
1859,33371,22643,24687
1860,1344,28252,19407
1861,19246,19617,8781
1862,21227,20171,39926
1863,16885,20282,39853
1864,16767,18829,39676
1865,23828,42627,2818
1866,41863,46034,1132
1867,40268,29510,18923
1868,38887,13427,32279
1869,42238,32334,35638
1870,15772,758,24695
1871,12418,43086,25482
1872,4314,43739,34950
1873,46484,22517,8754
1874,49685,29788,46342
1875,17980,14135,18866
1876,17424,16748,8500
1877,8205,26295,13441
1878,8928,7972,21666
1879,5039,26692,44055
1880,8155,24498,8256
1881,15627,8633,15960
1882,35564,18862,1238
1883,17675,9362,7873
1884,38527,37484,1605
1885,5086,4527,46620
1886,27061,10983,47659
1887,26195,11811,30807
1888,16432,5366,44349
1889,31260,27260,2824
1890,4527,44237,35225
1891,42929,44432,26710
1892,13159,44589,46148
1893,30748,49537,46179
1894,14510,25198,39735
1895,43095,29224,46675
1896,28982,15041,47131
1897,17485,41066,43853
1898,28277,43782,39283
1899,25913,14721,28487
1900,41634,31695,4778
1901,1329,32630,27881
1902,1327,31343,42074
1903,20718,9400,43976
1904,20872,44428,16828
1905,20217,21568,19683
1906,14262,28433,42560
1907,46683,12001,21886
1908,30288,49394,9405
1909,38146,45876,7111
1910,46380,18228,47607
1911,20310,17420,33899
1912,21034,41765,41618
1913,16220,32365,15981
1914,43771,41676,45356
1915,9346,15967,39516
1916,49141,28690,10001
1917,38590,12379,31348
1918,18934,28067,24571
1919,27865,35512,29058
1920,44014,49104,13055
1921,10680,46080,16764
1922,17804,21014,24153
1923,38640,7550,49924
1924,16312,13885,39847
1925,25785,13492,35645
1926,26761,10894,49021
1927,17330,42143,13876
1928,25863,39177,36319
1929,32744,3852,17629
1930,25346,10569,18691
1931,10729,7832,8913
1932,40919,5995,13439
1933,28980,1584,16344
1934,7938,45660,26763
1935,13666,23042,48485
1936,43792,26256,5249
1937,7890,20017,1274
1938,30796,2373,10151
1939,14412,31037,489
1940,24224,15231,31148
1941,25095,16188,21334
1942,29534,38614,46175
1943,30218,45696,45355
1944,737,43336,38481
1945,44681,32706,37003
1946,42993,20863,30549
1947,43765,10227,8156
1948,6367,33716,33865
1949,29584,1188,36144
1950,43684,3863,28283
1951,32580,27155,37264
1952,25369,40268,23887
1953,31198,5153,27578
1954,29641,544,22988
1955,46628,3741,6402
1956,43934,14161,28517
1957,37656,8068,24078
1958,11176,12183,4863
1959,47147,3202,46499
1960,4151,39605,4863
1961,4607,31278,2817
1962,18134,27986,1927
1963,33095,43171,46589
1964,40024,45482,13645
1965,13283,20246,7659
1966,9158,28395,25501
1967,31843,31743,29940
1968,13483,36774,38579
1969,21779,36548,24735
1970,38420,30912,9470
1971,34222,29806,31954
1972,40999,24089,35349
1973,2415,3035,3106
1974,39300,28387,17117
1975,49767,21187,18326
1976,43196,33174,30292
1977,21292,44752,43434
1978,2257,24843,30520
1979,47447,46992,43619
1980,12769,18845,8247
1981,31370,41259,5727
1982,26858,45939,2271
1983,18263,48965,39117
1984,28362,26763,12885
1985,10130,1194,45261
1986,10669,34023,37847
1987,29326,31753,27901
1988,33518,9873,17393
1989,8797,28383,47650
1990,35345,49846,7107
1991,15481,14380,2105
1992,10462,33220,9455
1993,16910,18012,29498
1994,5988,22089,17624
1995,964,32745,41012
1996,40660,24359,26346
1997,3844,1166,37831
1998,41266,21135,19222
1999,5780,10420,36933
